Date,fdate,Open,High,Low,Close,Volume,Dividends,Stock Splits
2023-06-01 00:00:00-04:00,2023-06-01,14.06999969482422,14.295000076293944,13.979999542236328,14.1899995803833,800800,0.0,0.0
2023-06-02 00:00:00-04:00,2023-06-02,14.399999618530272,14.84000015258789,14.399999618530272,14.770000457763672,656300,0.0,0.0
2023-06-05 00:00:00-04:00,2023-06-05,14.65999984741211,14.800000190734863,14.479999542236328,14.670000076293944,597500,0.0,0.0
2023-06-06 00:00:00-04:00,2023-06-06,14.65999984741211,15.010000228881836,14.65999984741211,14.970000267028809,384500,0.0,0.0
2023-06-07 00:00:00-04:00,2023-06-07,15.029999732971191,15.279999732971191,14.970000267028809,15.25,587400,0.0,0.0
2023-06-08 00:00:00-04:00,2023-06-08,15.260000228881836,15.31999969482422,14.621000289916992,14.6899995803833,788000,0.0,0.0
2023-06-09 00:00:00-04:00,2023-06-09,14.729999542236328,14.880000114440918,14.5,14.609999656677246,411100,0.0,0.0
2023-06-12 00:00:00-04:00,2023-06-12,14.6899995803833,14.920000076293944,14.56999969482422,14.84000015258789,551500,0.0,0.0
2023-06-13 00:00:00-04:00,2023-06-13,14.90999984741211,15.239999771118164,14.645000457763672,15.140000343322754,602300,0.0,0.0
2023-06-14 00:00:00-04:00,2023-06-14,15.15999984741211,15.399999618530272,14.550000190734863,14.6899995803833,763400,0.0,0.0
2023-06-15 00:00:00-04:00,2023-06-15,14.59000015258789,15.0600004196167,14.489999771118164,15.039999961853027,503600,0.0,0.0
2023-06-16 00:00:00-04:00,2023-06-16,15.149999618530272,15.1899995803833,14.899999618530272,15.020000457763672,981100,0.0,0.0
2023-06-20 00:00:00-04:00,2023-06-20,14.899999618530272,15.005000114440918,14.670000076293944,14.979999542236328,625900,0.0,0.0
2023-06-21 00:00:00-04:00,2023-06-21,14.9399995803833,15.119999885559082,14.755000114440918,15.0,797100,0.0,0.0
2023-06-22 00:00:00-04:00,2023-06-22,15.0,18.549999237060547,14.9399995803833,17.600000381469727,7439800,0.0,0.0
2023-06-23 00:00:00-04:00,2023-06-23,17.329999923706055,18.11000061035156,17.239999771118164,17.989999771118164,2547100,0.0,0.0
2023-06-26 00:00:00-04:00,2023-06-26,18.89299964904785,19.299999237060547,18.049999237060547,18.420000076293945,2146000,0.0,0.0
2023-06-27 00:00:00-04:00,2023-06-27,18.420000076293945,18.920000076293945,18.149999618530277,18.780000686645508,1511400,0.0,0.0
2023-06-28 00:00:00-04:00,2023-06-28,18.770000457763672,18.864999771118164,17.959999084472656,18.790000915527344,1272500,0.0,0.0
2023-06-29 00:00:00-04:00,2023-06-29,18.75,19.040000915527344,18.729999542236328,18.979999542236328,967900,0.0,0.0
2023-06-30 00:00:00-04:00,2023-06-30,19.1299991607666,19.229999542236328,18.530000686645508,18.84000015258789,1211400,0.0,0.0
2023-07-03 00:00:00-04:00,2023-07-03,19.049999237060547,19.229999542236328,18.1299991607666,18.26000022888184,695500,0.0,0.0
2023-07-05 00:00:00-04:00,2023-07-05,18.13999938964844,18.540000915527344,17.829999923706055,18.290000915527344,901500,0.0,0.0
2023-07-06 00:00:00-04:00,2023-07-06,18.1200008392334,18.18000030517578,17.84000015258789,18.059999465942383,1813300,0.0,0.0
2023-07-07 00:00:00-04:00,2023-07-07,18.06999969482422,18.229999542236328,17.90999984741211,17.959999084472656,634000,0.0,0.0
2023-07-10 00:00:00-04:00,2023-07-10,17.950000762939453,18.2450008392334,17.934999465942383,18.020000457763672,752700,0.0,0.0
2023-07-11 00:00:00-04:00,2023-07-11,18.020000457763672,18.40999984741211,17.975000381469727,18.3700008392334,637800,0.0,0.0
2023-07-12 00:00:00-04:00,2023-07-12,18.549999237060547,18.65999984741211,18.290000915527344,18.51000022888184,1030100,0.0,0.0
2023-07-13 00:00:00-04:00,2023-07-13,18.540000915527344,18.780000686645508,18.31100082397461,18.739999771118164,446700,0.0,0.0
2023-07-14 00:00:00-04:00,2023-07-14,18.739999771118164,19.01499938964844,18.399999618530277,18.75,1149700,0.0,0.0
2023-07-17 00:00:00-04:00,2023-07-17,18.770000457763672,18.959999084472656,18.5,18.799999237060547,421600,0.0,0.0
2023-07-18 00:00:00-04:00,2023-07-18,18.84000015258789,19.07999992370605,18.709999084472656,18.950000762939453,669500,0.0,0.0
2023-07-19 00:00:00-04:00,2023-07-19,19.059999465942383,19.399999618530277,18.81999969482422,18.950000762939453,712600,0.0,0.0
2023-07-20 00:00:00-04:00,2023-07-20,18.979999542236328,19.170000076293945,18.82999992370605,18.88999938964844,482200,0.0,0.0
2023-07-21 00:00:00-04:00,2023-07-21,18.93000030517578,19.13999938964844,18.770000457763672,19.049999237060547,574400,0.0,0.0
2023-07-24 00:00:00-04:00,2023-07-24,18.989999771118164,19.34000015258789,18.82999992370605,19.1299991607666,657100,0.0,0.0
2023-07-25 00:00:00-04:00,2023-07-25,18.959999084472656,19.1299991607666,18.670000076293945,18.68000030517578,557700,0.0,0.0
2023-07-26 00:00:00-04:00,2023-07-26,18.68000030517578,19.0049991607666,18.65999984741211,19.0,491600,0.0,0.0
2023-07-27 00:00:00-04:00,2023-07-27,19.07999992370605,19.200000762939453,18.65999984741211,18.770000457763672,842000,0.0,0.0
2023-07-28 00:00:00-04:00,2023-07-28,18.920000076293945,19.0,18.670000076293945,18.700000762939453,345400,0.0,0.0
2023-07-31 00:00:00-04:00,2023-07-31,18.700000762939453,19.06999969482422,18.700000762939453,18.979999542236328,587700,0.0,0.0
2023-08-01 00:00:00-04:00,2023-08-01,18.90999984741211,19.049999237060547,18.61100006103516,18.84000015258789,561700,0.0,0.0
2023-08-02 00:00:00-04:00,2023-08-02,18.63999938964844,18.709999084472656,18.15999984741211,18.479999542236328,1264800,0.0,0.0
2023-08-03 00:00:00-04:00,2023-08-03,17.0,18.399999618530277,15.81999969482422,17.579999923706055,2648400,0.0,0.0
2023-08-04 00:00:00-04:00,2023-08-04,17.610000610351562,17.829999923706055,17.010000228881836,17.799999237060547,1251200,0.0,0.0
2023-08-07 00:00:00-04:00,2023-08-07,17.770000457763672,17.770000457763672,16.8799991607666,16.889999389648438,1477300,0.0,0.0
2023-08-08 00:00:00-04:00,2023-08-08,16.739999771118164,17.219999313354492,16.690000534057617,17.170000076293945,808800,0.0,0.0
2023-08-09 00:00:00-04:00,2023-08-09,17.059999465942383,17.40999984741211,16.8799991607666,17.059999465942383,873200,0.0,0.0
2023-08-10 00:00:00-04:00,2023-08-10,17.09000015258789,17.354999542236328,16.65999984741211,17.010000228881836,1287500,0.0,0.0
2023-08-11 00:00:00-04:00,2023-08-11,16.90999984741211,17.139999389648438,16.832000732421875,17.010000228881836,640900,0.0,0.0
2023-08-14 00:00:00-04:00,2023-08-14,16.940000534057617,17.0,16.71500015258789,16.84000015258789,526000,0.0,0.0
2023-08-15 00:00:00-04:00,2023-08-15,16.780000686645508,16.790000915527344,16.450000762939453,16.489999771118164,795800,0.0,0.0
2023-08-16 00:00:00-04:00,2023-08-16,16.40999984741211,16.420000076293945,16.09000015258789,16.209999084472656,522200,0.0,0.0
2023-08-17 00:00:00-04:00,2023-08-17,16.209999084472656,16.239999771118164,16.030000686645508,16.049999237060547,393900,0.0,0.0
2023-08-18 00:00:00-04:00,2023-08-18,15.880000114440918,16.360000610351562,15.84000015258789,16.219999313354492,783500,0.0,0.0
2023-08-21 00:00:00-04:00,2023-08-21,16.219999313354492,16.65999984741211,16.149999618530273,16.420000076293945,676200,0.0,0.0
2023-08-22 00:00:00-04:00,2023-08-22,16.469999313354492,16.559999465942383,16.229999542236328,16.389999389648438,361600,0.0,0.0
2023-08-23 00:00:00-04:00,2023-08-23,16.56999969482422,16.6200008392334,16.399999618530273,16.56999969482422,524900,0.0,0.0
2023-08-24 00:00:00-04:00,2023-08-24,16.489999771118164,16.579999923706055,16.184999465942383,16.239999771118164,571100,0.0,0.0
2023-08-25 00:00:00-04:00,2023-08-25,16.239999771118164,16.405000686645508,15.979999542236328,16.06999969482422,783500,0.0,0.0
2023-08-28 00:00:00-04:00,2023-08-28,16.09000015258789,16.399999618530273,16.09000015258789,16.229999542236328,297700,0.0,0.0
2023-08-29 00:00:00-04:00,2023-08-29,16.25,16.489999771118164,16.1200008392334,16.43000030517578,1132600,0.0,0.0
2023-08-30 00:00:00-04:00,2023-08-30,16.450000762939453,16.655000686645508,16.3799991607666,16.40999984741211,317400,0.0,0.0
2023-08-31 00:00:00-04:00,2023-08-31,16.450000762939453,16.520000457763672,16.030000686645508,16.139999389648438,479600,0.0,0.0
2023-09-01 00:00:00-04:00,2023-09-01,16.290000915527344,16.56999969482422,15.9399995803833,16.0,636900,0.0,0.0
2023-09-05 00:00:00-04:00,2023-09-05,15.850000381469728,15.875,15.270000457763672,15.289999961853027,967600,0.0,0.0
2023-09-06 00:00:00-04:00,2023-09-06,15.270000457763672,15.289999961853027,15.095000267028809,15.210000038146973,663600,0.0,0.0
2023-09-07 00:00:00-04:00,2023-09-07,15.039999961853027,15.095000267028809,14.59000015258789,14.65999984741211,768000,0.0,0.0
2023-09-08 00:00:00-04:00,2023-09-08,14.630000114440918,14.630000114440918,14.31999969482422,14.399999618530272,882900,0.0,0.0
2023-09-11 00:00:00-04:00,2023-09-11,14.449999809265137,14.970000267028809,14.335000038146973,14.949999809265137,977400,0.0,0.0
2023-09-12 00:00:00-04:00,2023-09-12,14.859999656677246,15.06999969482422,14.78499984741211,14.829999923706056,532800,0.0,0.0
2023-09-13 00:00:00-04:00,2023-09-13,14.770000457763672,14.994999885559082,14.68000030517578,14.920000076293944,518300,0.0,0.0
2023-09-14 00:00:00-04:00,2023-09-14,15.06999969482422,15.550000190734863,15.015000343322754,15.270000457763672,1166200,0.0,0.0
2023-09-15 00:00:00-04:00,2023-09-15,15.31999969482422,15.619999885559082,15.15999984741211,15.550000190734863,1804200,0.0,0.0
2023-09-18 00:00:00-04:00,2023-09-18,15.579999923706056,15.579999923706056,15.289999961853027,15.329999923706056,641700,0.0,0.0
2023-09-19 00:00:00-04:00,2023-09-19,15.260000228881836,15.43000030517578,15.100000381469728,15.300000190734863,786300,0.0,0.0
2023-09-20 00:00:00-04:00,2023-09-20,15.350000381469728,15.56999969482422,15.289999961853027,15.3100004196167,675500,0.0,0.0
2023-09-21 00:00:00-04:00,2023-09-21,15.15999984741211,15.175000190734863,14.93000030517578,15.140000343322754,674900,0.0,0.0
2023-09-22 00:00:00-04:00,2023-09-22,15.199999809265137,15.515000343322754,15.140000343322754,15.380000114440918,801700,0.0,0.0
2023-09-25 00:00:00-04:00,2023-09-25,15.239999771118164,15.420000076293944,15.024999618530272,15.390000343322754,366400,0.0,0.0
2023-09-26 00:00:00-04:00,2023-09-26,15.329999923706056,15.5,15.119999885559082,15.260000228881836,546700,0.0,0.0
2023-09-27 00:00:00-04:00,2023-09-27,15.34000015258789,15.369999885559082,14.994999885559082,15.0600004196167,571200,0.0,0.0
2023-09-28 00:00:00-04:00,2023-09-28,15.09000015258789,15.270000457763672,14.984999656677246,15.25,592300,0.0,0.0
2023-09-29 00:00:00-04:00,2023-09-29,15.510000228881836,15.510000228881836,14.640000343322754,14.979999542236328,1427500,0.0,0.0
2023-10-02 00:00:00-04:00,2023-10-02,14.84000015258789,14.93000030517578,14.489999771118164,14.68000030517578,1145100,0.0,0.0
2023-10-03 00:00:00-04:00,2023-10-03,14.5600004196167,14.670000076293944,14.402999877929688,14.550000190734863,876300,0.0,0.0
2023-10-04 00:00:00-04:00,2023-10-04,14.579999923706056,14.630000114440918,14.300000190734863,14.56999969482422,1451100,0.0,0.0
2023-10-05 00:00:00-04:00,2023-10-05,14.579999923706056,14.739999771118164,14.260000228881836,14.350000381469728,826900,0.0,0.0
2023-10-06 00:00:00-04:00,2023-10-06,14.300000190734863,14.579999923706056,13.972000122070312,14.420000076293944,982100,0.0,0.0
2023-10-09 00:00:00-04:00,2023-10-09,14.399999618530272,14.399999618530272,14.029999732971191,14.1899995803833,582200,0.0,0.0
2023-10-10 00:00:00-04:00,2023-10-10,14.18000030517578,14.710000038146973,14.109999656677246,14.329999923706056,931200,0.0,0.0
2023-10-11 00:00:00-04:00,2023-10-11,14.359999656677246,14.479999542236328,13.329999923706056,13.510000228881836,1281300,0.0,0.0
2023-10-12 00:00:00-04:00,2023-10-12,13.520000457763672,13.539999961853027,13.15999984741211,13.210000038146973,1057100,0.0,0.0
2023-10-13 00:00:00-04:00,2023-10-13,13.119999885559082,13.359999656677246,12.989999771118164,13.359999656677246,1008000,0.0,0.0
2023-10-16 00:00:00-04:00,2023-10-16,13.5,14.029999732971191,13.345000267028809,13.579999923706056,1136800,0.0,0.0
2023-10-17 00:00:00-04:00,2023-10-17,13.460000038146973,14.800000190734863,13.460000038146973,14.220000267028809,1667200,0.0,0.0
2023-10-18 00:00:00-04:00,2023-10-18,14.119999885559082,14.119999885559082,13.800000190734863,13.850000381469728,831500,0.0,0.0
2023-10-19 00:00:00-04:00,2023-10-19,13.779999732971191,13.829999923706056,13.350000381469728,13.56999969482422,1342200,0.0,0.0
2023-10-20 00:00:00-04:00,2023-10-20,13.539999961853027,13.710000038146973,13.114999771118164,13.170000076293944,922300,0.0,0.0
2023-10-23 00:00:00-04:00,2023-10-23,13.149999618530272,13.279999732971191,12.914999961853027,12.960000038146973,767400,0.0,0.0
2023-10-24 00:00:00-04:00,2023-10-24,13.029999732971191,13.25,12.979999542236328,13.010000228881836,649700,0.0,0.0
2023-10-25 00:00:00-04:00,2023-10-25,12.880000114440918,12.9399995803833,12.670000076293944,12.699999809265137,829100,0.0,0.0
2023-10-26 00:00:00-04:00,2023-10-26,12.770000457763672,12.960000038146973,12.5600004196167,12.68000030517578,1063700,0.0,0.0
2023-10-27 00:00:00-04:00,2023-10-27,12.6899995803833,12.6899995803833,12.34000015258789,12.510000228881836,767700,0.0,0.0
2023-10-30 00:00:00-04:00,2023-10-30,12.630000114440918,12.9399995803833,12.470000267028809,12.609999656677246,1111700,0.0,0.0
2023-10-31 00:00:00-04:00,2023-10-31,12.670000076293944,12.8149995803833,12.5649995803833,12.65999984741211,1269800,0.0,0.0
2023-11-01 00:00:00-04:00,2023-11-01,13.350000381469728,14.5600004196167,12.34000015258789,12.869999885559082,2878200,0.0,0.0
2023-11-02 00:00:00-04:00,2023-11-02,12.789999961853027,13.050000190734863,12.479999542236328,12.8100004196167,1875800,0.0,0.0
2023-11-03 00:00:00-04:00,2023-11-03,13.050000190734863,13.399999618530272,13.050000190734863,13.210000038146973,934700,0.0,0.0
2023-11-06 00:00:00-05:00,2023-11-06,13.210000038146973,13.470000267028809,13.210000038146973,13.390000343322754,926400,0.0,0.0
2023-11-07 00:00:00-05:00,2023-11-07,13.31999969482422,13.6850004196167,13.220000267028809,13.59000015258789,1197200,0.0,0.0
2023-11-08 00:00:00-05:00,2023-11-08,13.609999656677246,13.65999984741211,13.067999839782717,13.149999618530272,1247700,0.0,0.0
2023-11-09 00:00:00-05:00,2023-11-09,13.15999984741211,13.15999984741211,12.859999656677246,13.0,1132700,0.0,0.0
2023-11-10 00:00:00-05:00,2023-11-10,13.0,13.06999969482422,12.800000190734863,12.949999809265137,808600,0.0,0.0
2023-11-13 00:00:00-05:00,2023-11-13,12.9399995803833,13.109999656677246,12.739999771118164,13.06999969482422,651600,0.0,0.0
2023-11-14 00:00:00-05:00,2023-11-14,13.460000038146973,13.904999732971191,13.460000038146973,13.800000190734863,1078400,0.0,0.0
2023-11-15 00:00:00-05:00,2023-11-15,13.789999961853027,14.260000228881836,13.645000457763672,13.75,1111300,0.0,0.0
2023-11-16 00:00:00-05:00,2023-11-16,13.6899995803833,13.779999732971191,13.510000228881836,13.739999771118164,757300,0.0,0.0
2023-11-17 00:00:00-05:00,2023-11-17,13.890000343322754,13.890000343322754,13.59000015258789,13.654999732971191,604600,0.0,0.0
2023-11-20 00:00:00-05:00,2023-11-20,13.619999885559082,14.010000228881836,13.520000457763672,13.93000030517578,653000,0.0,0.0
2023-11-21 00:00:00-05:00,2023-11-21,13.899999618530272,13.989999771118164,13.630000114440918,13.649999618530272,514400,0.0,0.0
2023-11-22 00:00:00-05:00,2023-11-22,13.720000267028809,13.829999923706056,13.59000015258789,13.729999542236328,545500,0.0,0.0
2023-11-24 00:00:00-05:00,2023-11-24,13.6899995803833,13.920000076293944,13.640000343322754,13.899999618530272,198700,0.0,0.0
2023-11-27 00:00:00-05:00,2023-11-27,13.770000457763672,14.0,13.609999656677246,13.729999542236328,786700,0.0,0.0
2023-11-28 00:00:00-05:00,2023-11-28,13.65999984741211,13.720000267028809,13.505000114440918,13.649999618530272,544800,0.0,0.0
2023-11-29 00:00:00-05:00,2023-11-29,13.739999771118164,13.869999885559082,13.4399995803833,13.59000015258789,622400,0.0,0.0
2023-11-30 00:00:00-05:00,2023-11-30,13.59000015258789,13.789999961853027,13.489999771118164,13.649999618530272,831800,0.0,0.0
2023-12-01 00:00:00-05:00,2023-12-01,13.56999969482422,14.020000457763672,13.390000343322754,14.0,604000,0.0,0.0
2023-12-04 00:00:00-05:00,2023-12-04,13.979999542236328,14.15999984741211,13.8100004196167,14.140000343322754,538700,0.0,0.0
2023-12-05 00:00:00-05:00,2023-12-05,14.0600004196167,14.109999656677246,13.829999923706056,14.0,582500,0.0,0.0
2023-12-06 00:00:00-05:00,2023-12-06,14.0600004196167,14.3149995803833,13.880000114440918,13.93000030517578,464200,0.0,0.0
2023-12-07 00:00:00-05:00,2023-12-07,13.949999809265137,14.109999656677246,13.8100004196167,14.109999656677246,488300,0.0,0.0
2023-12-08 00:00:00-05:00,2023-12-08,14.130000114440918,14.40999984741211,14.100000381469728,14.399999618530272,326800,0.0,0.0
2023-12-11 00:00:00-05:00,2023-12-11,14.4399995803833,14.56999969482422,14.229999542236328,14.510000228881836,425100,0.0,0.0
2023-12-12 00:00:00-05:00,2023-12-12,14.520000457763672,14.550000190734863,14.329999923706056,14.449999809265137,441200,0.0,0.0
2023-12-13 00:00:00-05:00,2023-12-13,14.40999984741211,15.05500030517578,14.279999732971191,15.010000228881836,648700,0.0,0.0
2023-12-14 00:00:00-05:00,2023-12-14,15.25,15.789999961853027,15.25,15.460000038146973,706100,0.0,0.0
2023-12-15 00:00:00-05:00,2023-12-15,15.630000114440918,15.949999809265137,15.18000030517578,15.81999969482422,2039300,0.0,0.0
2023-12-18 00:00:00-05:00,2023-12-18,15.800000190734863,16.100000381469727,15.677000045776367,16.059999465942383,811600,0.0,0.0
2023-12-19 00:00:00-05:00,2023-12-19,16.15999984741211,16.549999237060547,16.100000381469727,16.530000686645508,373200,0.0,0.0
2023-12-20 00:00:00-05:00,2023-12-20,16.469999313354492,16.889999389648438,16.25,16.540000915527344,681100,0.0,0.0
2023-12-21 00:00:00-05:00,2023-12-21,16.709999084472656,17.030000686645508,16.639999389648438,16.649999618530273,894200,0.0,0.0
2023-12-22 00:00:00-05:00,2023-12-22,16.709999084472656,16.860000610351562,16.440000534057617,16.6299991607666,449500,0.0,0.0
2023-12-26 00:00:00-05:00,2023-12-26,16.639999389648438,17.110000610351562,16.469999313354492,17.049999237060547,296400,0.0,0.0
2023-12-27 00:00:00-05:00,2023-12-27,17.139999389648438,17.299999237060547,17.0,17.260000228881836,375100,0.0,0.0
2023-12-28 00:00:00-05:00,2023-12-28,17.229999542236328,17.389999389648438,17.11199951171875,17.15999984741211,276200,0.0,0.0
2023-12-29 00:00:00-05:00,2023-12-29,17.100000381469727,17.219999313354492,16.829999923706055,16.850000381469727,347700,0.0,0.0
2024-01-02 00:00:00-05:00,2024-01-02,16.709999084472656,17.040000915527344,16.530000686645508,16.75,578000,0.0,0.0
2024-01-03 00:00:00-05:00,2024-01-03,16.59000015258789,16.600000381469727,16.06999969482422,16.209999084472656,644000,0.0,0.0
2024-01-04 00:00:00-05:00,2024-01-04,16.110000610351562,16.239999771118164,15.970000267028809,16.079999923706055,1150800,0.0,0.0
2024-01-05 00:00:00-05:00,2024-01-05,15.989999771118164,16.03499984741211,15.600000381469728,15.75,1153900,0.0,0.0
2024-01-08 00:00:00-05:00,2024-01-08,15.649999618530272,15.94499969482422,15.604999542236328,15.779999732971191,763700,0.0,0.0
2024-01-09 00:00:00-05:00,2024-01-09,15.6899995803833,17.40999984741211,15.6899995803833,16.420000076293945,1075800,0.0,0.0
2024-01-10 00:00:00-05:00,2024-01-10,16.3700008392334,16.3700008392334,15.494999885559082,15.550000190734863,809400,0.0,0.0
2024-01-11 00:00:00-05:00,2024-01-11,15.420000076293944,15.489999771118164,15.130000114440918,15.260000228881836,920500,0.0,0.0
2024-01-12 00:00:00-05:00,2024-01-12,15.479999542236328,15.588000297546388,15.220000267028809,15.34000015258789,593200,0.0,0.0
2024-01-16 00:00:00-05:00,2024-01-16,15.15999984741211,15.289999961853027,15.039999961853027,15.220000267028809,545000,0.0,0.0
2024-01-17 00:00:00-05:00,2024-01-17,14.979999542236328,15.100000381469728,14.625,14.6899995803833,702100,0.0,0.0
2024-01-18 00:00:00-05:00,2024-01-18,14.8100004196167,14.869999885559082,14.56999969482422,14.710000038146973,605200,0.0,0.0
2024-01-19 00:00:00-05:00,2024-01-19,14.699999809265137,14.979999542236328,14.454999923706056,14.979999542236328,717800,0.0,0.0
2024-01-22 00:00:00-05:00,2024-01-22,15.029999732971191,15.4399995803833,14.869999885559082,15.220000267028809,626700,0.0,0.0
2024-01-23 00:00:00-05:00,2024-01-23,15.350000381469728,15.399999618530272,14.8100004196167,15.010000228881836,473200,0.0,0.0
2024-01-24 00:00:00-05:00,2024-01-24,15.210000038146973,15.279999732971191,14.630000114440918,14.630000114440918,536500,0.0,0.0
2024-01-25 00:00:00-05:00,2024-01-25,14.800000190734863,14.949999809265137,14.579999923706056,14.93000030517578,629600,0.0,0.0
2024-01-26 00:00:00-05:00,2024-01-26,15.06999969482422,15.18000030517578,14.920000076293944,14.979999542236328,435500,0.0,0.0
2024-01-29 00:00:00-05:00,2024-01-29,14.949999809265137,15.039999961853027,14.720000267028809,15.020000457763672,442100,0.0,0.0
2024-01-30 00:00:00-05:00,2024-01-30,14.979999542236328,14.979999542236328,14.579999923706056,14.619999885559082,406300,0.0,0.0
2024-01-31 00:00:00-05:00,2024-01-31,14.619999885559082,14.9399995803833,14.53499984741211,14.720000267028809,956700,0.0,0.0
2024-02-01 00:00:00-05:00,2024-02-01,14.279999732971191,15.460000038146973,14.279999732971191,15.31999969482422,601300,0.0,0.0
2024-02-02 00:00:00-05:00,2024-02-02,15.100000381469728,15.34000015258789,14.84000015258789,15.039999961853027,311000,0.0,0.0
2024-02-05 00:00:00-05:00,2024-02-05,14.970000267028809,15.229999542236328,14.800000190734863,15.149999618530272,703000,0.0,0.0
2024-02-06 00:00:00-05:00,2024-02-06,15.140000343322754,15.65999984741211,14.989999771118164,15.619999885559082,726700,0.0,0.0
2024-02-07 00:00:00-05:00,2024-02-07,15.729999542236328,15.760000228881836,15.220000267028809,15.229999542236328,466300,0.0,0.0
2024-02-08 00:00:00-05:00,2024-02-08,15.1899995803833,16.010000228881836,14.869999885559082,15.989999771118164,1377600,0.0,0.0
2024-02-09 00:00:00-05:00,2024-02-09,16.030000686645508,16.299999237060547,15.94499969482422,16.270000457763672,412400,0.0,0.0
2024-02-12 00:00:00-05:00,2024-02-12,16.18000030517578,16.479999542236328,16.075000762939453,16.1299991607666,554600,0.0,0.0
2024-02-13 00:00:00-05:00,2024-02-13,15.75,16.260000228881836,15.739999771118164,15.890000343322754,506100,0.0,0.0
2024-02-14 00:00:00-05:00,2024-02-14,16.06999969482422,16.709999084472656,16.06999969482422,16.670000076293945,587700,0.0,0.0
2024-02-15 00:00:00-05:00,2024-02-15,16.809999465942383,17.15999984741211,16.780000686645508,16.799999237060547,1202200,0.0,0.0
2024-02-16 00:00:00-05:00,2024-02-16,16.639999389648438,16.777999877929688,16.485000610351562,16.610000610351562,699700,0.0,0.0
2024-02-20 00:00:00-05:00,2024-02-20,16.399999618530273,16.600000381469727,16.15999984741211,16.25,1231600,0.0,0.0
2024-02-21 00:00:00-05:00,2024-02-21,16.06999969482422,16.540000915527344,15.460000038146973,16.399999618530273,1315400,0.0,0.0
2024-02-22 00:00:00-05:00,2024-02-22,16.43000030517578,16.600000381469727,16.270000457763672,16.600000381469727,659100,0.0,0.0
2024-02-23 00:00:00-05:00,2024-02-23,16.729999542236328,16.924999237060547,16.59000015258789,16.809999465942383,1601100,0.0,0.0
2024-02-26 00:00:00-05:00,2024-02-26,16.65999984741211,17.100000381469727,16.290000915527344,17.059999465942383,2628700,0.0,0.0
2024-02-27 00:00:00-05:00,2024-02-27,14.5600004196167,17.440000534057617,14.5600004196167,17.34000015258789,2062700,0.0,0.0
2024-02-28 00:00:00-05:00,2024-02-28,16.760000228881836,17.0,14.760000228881836,14.954999923706056,5514100,0.0,0.0
2024-02-29 00:00:00-05:00,2024-02-29,15.09000015258789,15.390000343322754,14.65999984741211,15.010000228881836,9912000,0.0,0.0
2024-03-01 00:00:00-05:00,2024-03-01,15.029999732971191,15.029999732971191,13.614999771118164,14.5600004196167,13134200,0.0,0.0
2024-03-04 00:00:00-05:00,2024-03-04,14.75,14.93000030517578,14.40999984741211,14.59000015258789,3420900,0.0,0.0
2024-03-05 00:00:00-05:00,2024-03-05,14.5,14.8100004196167,14.0,14.0,1701500,0.0,0.0
2024-03-06 00:00:00-05:00,2024-03-06,13.949999809265137,14.380000114440918,13.869999885559082,14.229999542236328,1497000,0.0,0.0
2024-03-07 00:00:00-05:00,2024-03-07,14.300000190734863,14.40999984741211,13.84000015258789,13.979999542236328,2168500,0.0,0.0
2024-03-08 00:00:00-05:00,2024-03-08,14.079999923706056,14.289999961853027,13.800000190734863,13.829999923706056,893000,0.0,0.0
2024-03-11 00:00:00-04:00,2024-03-11,13.720000267028809,14.30500030517578,13.649999618530272,14.0,1143800,0.0,0.0
2024-03-12 00:00:00-04:00,2024-03-12,13.960000038146973,13.970000267028809,13.6899995803833,13.770000457763672,701000,0.0,0.0
2024-03-13 00:00:00-04:00,2024-03-13,13.789999961853027,14.029999732971191,13.6899995803833,13.9399995803833,987500,0.0,0.0
2024-03-14 00:00:00-04:00,2024-03-14,13.899999618530272,14.1899995803833,13.890000343322754,14.18000030517578,1757200,0.0,0.0
2024-03-15 00:00:00-04:00,2024-03-15,14.149999618530272,14.550000190734863,13.989999771118164,14.520000457763672,3239500,0.0,0.0
2024-03-18 00:00:00-04:00,2024-03-18,14.520000457763672,14.920000076293944,14.229999542236328,14.329999923706056,1916600,0.0,0.0
2024-03-19 00:00:00-04:00,2024-03-19,14.31999969482422,14.470000267028809,13.050000190734863,13.109999656677246,2000200,0.0,0.0
2024-03-20 00:00:00-04:00,2024-03-20,13.100000381469728,13.1899995803833,10.739999771118164,11.779999732971191,9240700,0.0,0.0
2024-03-21 00:00:00-04:00,2024-03-21,11.770000457763672,11.80500030517578,10.970000267028809,11.539999961853027,4243100,0.0,0.0
2024-03-22 00:00:00-04:00,2024-03-22,11.449999809265137,11.529999732971191,11.18000030517578,11.300000190734863,1776200,0.0,0.0
2024-03-25 00:00:00-04:00,2024-03-25,11.93000030517578,12.40999984741211,11.720000267028809,11.75,2870000,0.0,0.0
2024-03-26 00:00:00-04:00,2024-03-26,11.739999771118164,11.859999656677246,11.470000267028809,11.529999732971191,2387200,0.0,0.0
2024-03-27 00:00:00-04:00,2024-03-27,11.670000076293944,11.909000396728516,11.645000457763672,11.869999885559082,1698400,0.0,0.0
2024-03-28 00:00:00-04:00,2024-03-28,12.010000228881836,12.15999984741211,11.8100004196167,12.010000228881836,1677200,0.0,0.0
2024-04-01 00:00:00-04:00,2024-04-01,11.970000267028809,12.024999618530272,11.5,11.699999809265137,1226500,0.0,0.0
2024-04-02 00:00:00-04:00,2024-04-02,11.579999923706056,11.619999885559082,11.369999885559082,11.380000114440918,1403000,0.0,0.0
2024-04-03 00:00:00-04:00,2024-04-03,11.729999542236328,11.78499984741211,11.359999656677246,11.539999961853027,1425900,0.0,0.0
2024-04-04 00:00:00-04:00,2024-04-04,11.5600004196167,11.789999961853027,11.359999656677246,11.399999618530272,1004900,0.0,0.0
2024-04-05 00:00:00-04:00,2024-04-05,11.34000015258789,11.520000457763672,11.255000114440918,11.34000015258789,1190600,0.0,0.0
2024-04-08 00:00:00-04:00,2024-04-08,11.40999984741211,11.539999961853027,11.220000267028809,11.399999618530272,1028600,0.0,0.0
2024-04-09 00:00:00-04:00,2024-04-09,11.449999809265137,11.65999984741211,11.399999618530272,11.619999885559082,1055500,0.0,0.0
2024-04-10 00:00:00-04:00,2024-04-10,11.18000030517578,11.4399995803833,11.100000381469728,11.420000076293944,1083800,0.0,0.0
2024-04-11 00:00:00-04:00,2024-04-11,11.539999961853027,11.635000228881836,11.289999961853027,11.420000076293944,657800,0.0,0.0
2024-04-12 00:00:00-04:00,2024-04-12,11.34000015258789,11.375,11.258999824523926,11.279999732971191,1461100,0.0,0.0
2024-04-15 00:00:00-04:00,2024-04-15,11.300000190734863,11.46500015258789,11.0,11.010000228881836,1119800,0.0,0.0
2024-04-16 00:00:00-04:00,2024-04-16,10.979999542236328,11.0600004196167,10.850000381469728,10.890000343322754,773900,0.0,0.0
2024-04-17 00:00:00-04:00,2024-04-17,10.9399995803833,11.020000457763672,10.720000267028809,10.75,980600,0.0,0.0
2024-04-18 00:00:00-04:00,2024-04-18,10.739999771118164,10.984999656677246,10.710000038146973,10.899999618530272,706900,0.0,0.0
2024-04-19 00:00:00-04:00,2024-04-19,10.890000343322754,10.960000038146973,10.739999771118164,10.949999809265137,946500,0.0,0.0
2024-04-22 00:00:00-04:00,2024-04-22,11.010000228881836,11.109999656677246,10.880000114440918,11.09000015258789,716600,0.0,0.0
2024-04-23 00:00:00-04:00,2024-04-23,11.149999618530272,11.550000190734863,11.119999885559082,11.380000114440918,1142900,0.0,0.0
2024-04-24 00:00:00-04:00,2024-04-24,11.3100004196167,11.460000038146973,11.109999656677246,11.270000457763672,1168100,0.0,0.0
2024-04-25 00:00:00-04:00,2024-04-25,11.220000267028809,11.609999656677246,11.010000228881836,11.31999969482422,721200,0.0,0.0
2024-04-26 00:00:00-04:00,2024-04-26,11.329999923706056,11.649999618530272,11.220000267028809,11.399999618530272,737700,0.0,0.0
2024-04-29 00:00:00-04:00,2024-04-29,11.550000190734863,11.640000343322754,11.291000366210938,11.380000114440918,933600,0.0,0.0
2024-04-30 00:00:00-04:00,2024-04-30,11.279999732971191,11.399999618530272,11.130000114440918,11.199999809265137,1567100,0.0,0.0
2024-05-01 00:00:00-04:00,2024-05-01,11.100000381469728,11.470000267028809,11.029999732971191,11.270000457763672,1100700,0.0,0.0
2024-05-02 00:00:00-04:00,2024-05-02,11.1899995803833,11.225000381469728,10.75,10.90999984741211,1637500,0.0,0.0
2024-05-03 00:00:00-04:00,2024-05-03,11.25,11.479999542236328,11.0,11.020000457763672,1039500,0.0,0.0
2024-05-06 00:00:00-04:00,2024-05-06,11.079999923706056,11.385000228881836,11.06999969482422,11.289999961853027,744500,0.0,0.0
2024-05-07 00:00:00-04:00,2024-05-07,11.300000190734863,11.59000015258789,11.25,11.470000267028809,1151300,0.0,0.0
2024-05-08 00:00:00-04:00,2024-05-08,11.399999618530272,11.489999771118164,11.170000076293944,11.21500015258789,1094600,0.0,0.0
2024-05-09 00:00:00-04:00,2024-05-09,11.239999771118164,11.399999618530272,11.199999809265137,11.329999923706056,4487400,0.0,0.0
2024-05-10 00:00:00-04:00,2024-05-10,11.329999923706056,11.380000114440918,10.859999656677246,11.039999961853027,942200,0.0,0.0
2024-05-13 00:00:00-04:00,2024-05-13,11.0600004196167,11.43000030517578,10.9350004196167,11.380000114440918,1196100,0.0,0.0
2024-05-14 00:00:00-04:00,2024-05-14,11.520000457763672,11.65999984741211,11.300000190734863,11.399999618530272,797000,0.0,0.0
2024-05-15 00:00:00-04:00,2024-05-15,11.550000190734863,11.56999969482422,11.229999542236328,11.40999984741211,554300,0.0,0.0
2024-05-16 00:00:00-04:00,2024-05-16,11.390000343322754,11.479999542236328,11.34000015258789,11.40999984741211,482900,0.0,0.0
2024-05-17 00:00:00-04:00,2024-05-17,11.420000076293944,11.545000076293944,11.220000267028809,11.289999961853027,467500,0.0,0.0
2024-05-20 00:00:00-04:00,2024-05-20,11.260000228881836,11.31999969482422,11.09000015258789,11.09000015258789,456300,0.0,0.0
2024-05-21 00:00:00-04:00,2024-05-21,10.899999618530272,11.020000457763672,10.850000381469728,10.890000343322754,653400,0.0,0.0
2024-05-22 00:00:00-04:00,2024-05-22,10.90999984741211,11.3100004196167,10.850000381469728,11.25,1160600,0.0,0.0
2024-05-23 00:00:00-04:00,2024-05-23,11.220000267028809,11.350000381469728,11.010000228881836,11.1899995803833,800800,0.0,0.0
2024-05-24 00:00:00-04:00,2024-05-24,11.220000267028809,11.25,11.0600004196167,11.199999809265137,922500,0.0,0.0
2024-05-28 00:00:00-04:00,2024-05-28,11.260000228881836,11.289999961853027,10.885000228881836,11.039999961853027,800000,0.0,0.0
2024-05-29 00:00:00-04:00,2024-05-29,10.920000076293944,11.020000457763672,10.8149995803833,10.9399995803833,923100,0.0,0.0
2024-05-30 00:00:00-04:00,2024-05-30,10.970000267028809,11.18000030517578,10.920000076293944,11.09000015258789,693700,0.0,0.0
2024-05-31 00:00:00-04:00,2024-05-31,11.140000343322754,11.210000038146973,10.954999923706056,11.18000030517578,1962700,0.0,0.0
2024-06-03 00:00:00-04:00,2024-06-03,11.239999771118164,11.550000190734863,11.210000038146973,11.460000038146973,1491400,0.0,0.0
2024-06-04 00:00:00-04:00,2024-06-04,11.460000038146973,11.734999656677246,11.3100004196167,11.640000343322754,947900,0.0,0.0
2024-06-05 00:00:00-04:00,2024-06-05,11.739999771118164,11.989999771118164,11.5,11.979999542236328,941200,0.0,0.0
2024-06-06 00:00:00-04:00,2024-06-06,11.970000267028809,12.550000190734863,11.855999946594238,12.5,927500,0.0,0.0
2024-06-07 00:00:00-04:00,2024-06-07,12.359999656677246,12.545000076293944,12.109999656677246,12.18000030517578,1067700,0.0,0.0
2024-06-10 00:00:00-04:00,2024-06-10,12.029999732971191,12.1850004196167,11.79300022125244,11.9399995803833,1055800,0.0,0.0
2024-06-11 00:00:00-04:00,2024-06-11,11.960000038146973,12.244999885559082,11.84000015258789,12.130000114440918,1618600,0.0,0.0
2024-06-12 00:00:00-04:00,2024-06-12,12.350000381469728,12.36299991607666,11.94499969482422,11.989999771118164,985600,0.0,0.0
2024-06-13 00:00:00-04:00,2024-06-13,11.93000030517578,12.010000228881836,11.619999885559082,11.699999809265137,856000,0.0,0.0
2024-06-14 00:00:00-04:00,2024-06-14,11.609999656677246,11.65999984741211,11.4399995803833,11.59000015258789,758200,0.0,0.0
2024-06-17 00:00:00-04:00,2024-06-17,11.579999923706056,11.619999885559082,11.28499984741211,11.359999656677246,620600,0.0,0.0
2024-06-18 00:00:00-04:00,2024-06-18,11.350000381469728,11.510000228881836,11.300000190734863,11.34000015258789,704000,0.0,0.0
2024-06-20 00:00:00-04:00,2024-06-20,11.300000190734863,11.675000190734863,11.229999542236328,11.579999923706056,944300,0.0,0.0
2024-06-21 00:00:00-04:00,2024-06-21,11.670000076293944,12.050000190734863,11.635000228881836,12.010000228881836,1363800,0.0,0.0
2024-06-24 00:00:00-04:00,2024-06-24,12.050000190734863,12.260000228881836,11.890000343322754,11.899999618530272,886800,0.0,0.0
2024-06-25 00:00:00-04:00,2024-06-25,11.880000114440918,11.9399995803833,11.770000457763672,11.93000030517578,858700,0.0,0.0
2024-06-26 00:00:00-04:00,2024-06-26,11.869999885559082,12.010000228881836,11.649999618530272,11.829999923706056,2258600,0.0,0.0
2024-06-27 00:00:00-04:00,2024-06-27,11.81999969482422,11.975000381469728,11.619999885559082,11.899999618530272,1503100,0.0,0.0
2024-06-28 00:00:00-04:00,2024-06-28,11.960000038146973,11.979999542236328,11.609999656677246,11.869999885559082,2883500,0.0,0.0
2024-07-01 00:00:00-04:00,2024-07-01,11.869999885559082,12.008999824523926,11.454999923706056,11.579999923706056,929600,0.0,0.0
2024-07-02 00:00:00-04:00,2024-07-02,11.56999969482422,11.800000190734863,11.520000457763672,11.630000114440918,826100,0.0,0.0
2024-07-03 00:00:00-04:00,2024-07-03,11.710000038146973,11.710000038146973,11.529999732971191,11.649999618530272,299600,0.0,0.0
2024-07-05 00:00:00-04:00,2024-07-05,11.710000038146973,11.890000343322754,11.619999885559082,11.75,496400,0.0,0.0
2024-07-08 00:00:00-04:00,2024-07-08,11.75,11.920000076293944,11.670000076293944,11.899999618530272,639600,0.0,0.0
2024-07-09 00:00:00-04:00,2024-07-09,11.880000114440918,11.899999618530272,11.640000343322754,11.880000114440918,799100,0.0,0.0
2024-07-10 00:00:00-04:00,2024-07-10,11.93000030517578,11.93000030517578,11.40999984741211,11.68000030517578,765000,0.0,0.0
2024-07-11 00:00:00-04:00,2024-07-11,11.869999885559082,12.640000343322754,11.81999969482422,12.1899995803833,1359100,0.0,0.0
2024-07-12 00:00:00-04:00,2024-07-12,12.260000228881836,12.489999771118164,12.100000381469728,12.359999656677246,705600,0.0,0.0
2024-07-15 00:00:00-04:00,2024-07-15,12.420000076293944,12.539999961853027,12.130000114440918,12.220000267028809,538800,0.0,0.0
2024-07-16 00:00:00-04:00,2024-07-16,12.300000190734863,13.029999732971191,12.25,12.899999618530272,936500,0.0,0.0
2024-07-17 00:00:00-04:00,2024-07-17,12.880000114440918,13.40999984741211,12.779999732971191,13.350000381469728,869500,0.0,0.0
2024-07-18 00:00:00-04:00,2024-07-18,13.31999969482422,13.5649995803833,13.074999809265137,13.239999771118164,948600,0.0,0.0
2024-07-19 00:00:00-04:00,2024-07-19,13.270000457763672,13.460000038146973,13.010000228881836,13.09000015258789,714400,0.0,0.0
2024-07-22 00:00:00-04:00,2024-07-22,13.170000076293944,13.350000381469728,12.774999618530272,13.140000343322754,581900,0.0,0.0
2024-07-23 00:00:00-04:00,2024-07-23,13.220000267028809,13.420000076293944,12.970000267028809,13.329999923706056,855600,0.0,0.0
2024-07-24 00:00:00-04:00,2024-07-24,13.350000381469728,13.670000076293944,13.220000267028809,13.380000114440918,918100,0.0,0.0
2024-07-25 00:00:00-04:00,2024-07-25,13.289999961853027,13.850000381469728,13.289999961853027,13.600000381469728,833100,0.0,0.0
2024-07-26 00:00:00-04:00,2024-07-26,13.6899995803833,14.050000190734863,13.539999961853027,13.800000190734863,571500,0.0,0.0
